-3.0746069525991677
-3.0526247492082645
-3.033926707388787
-3.011013866944438
-2.9915073530570466
-2.971609918435743
-2.94719452080245
-2.926379688563794
-2.9008122852861593
-2.8789919069933356
-2.8566818076687057
-2.8292316403435565
-2.805763156444598
-2.7768500133400944
-2.7520968733961046
-2.726712315476348
-2.695370824173509
-2.6684774933240734
-2.6352164544322974
-2.60662447456305
-2.577187622045542
-2.540675641230344
-2.5091927691392955
-2.470052051836759
-2.436218623858728
-2.401197071004534
-2.357480856904435
-2.3195282455120667
-2.271994150657728
-2.2305770998858363
-2.1873679772130377
-2.134786070912716
-2.083211906250342
-2.0288324315164457
-1.9713265886005444
-1.910315150935451
-1.845346011942278
-1.775874396694436
-1.7012360946647551
-1.6206104602699636
-1.5329683568226111
-1.4369974320286223
-1.3309927951979896
-1.2126940792179977
-1.0790413827852292
-0.9258187038456228
-0.7472026067280992
-0.5355842237024918
-0.28389448331085626
5.269189089057105e-7
