-0.381173
-0.381173
-0.381593
-0.382173
-0.382992
-0.384116
-0.385703
-0.387891
-0.390945
-0.395136
-0.401019
-0.409198
-0.420565
-0.436266
-0.458149
-0.488086
-0.530352
-0.588377
-0.66963
-0.784431
-0.937073
-1.15246
-1.44711
-1.85465
-2.41022
-3.16524
-4.18167
-5.54344
-7.33131
-9.75609
-12.6037
-16.5995
-21.5318
-27.7743
-36.0373
-46.5708
-59.6896
-75.8855
-95.3292
-118.588
-145.054
-174.913
-207.584
-242.378
-276.957
-309.706
-339.013
-362.284
-376.301
-379.585
-372.151
-356.108
-336.296
-317.777
-301.817
-280.55
-246.388
-208.372
-184.319
-161.647
-129.84
-112.113
-89.7499
-74.324
-59.4949
-47.3924
-37.4816
-29.5431
-23.0718
-17.9174
-13.8694
-10.7243
-8.2339
-6.24072
-4.76606
-3.60846
-2.7369
-2.07228
-1.55981
-1.17569
-0.882574
-0.66358
-0.494986
-0.37107
-0.276931
-0.204732
-0.152897
-0.114559
-0.0853678
-0.0631786
-0.0469063
-0.0346282
-0.0257668
-0.0190106
-0.0140505
-0.0103832
-0.00766682
-0.00565487
-0.00416679
-0.00304943
-0.0022463
-0.0022463
