5.565082864787189e-7
-0.28449960046109607
-0.536468241016773
-0.7482105127772173
-0.9268857843171162
-1.0801390711485233
-1.2138085685515554
-1.3321168078005734
-1.4381268305664945
-1.5341006242788284
-1.6217439769688278
-1.7023697636369417
-1.7770074409098437
-1.846477859302687
-1.9114453646884242
-1.9724548257043304
-2.0299584161795474
-2.084335411391013
-2.1359069066653937
-2.1884857676991576
-2.2316921381674093
-2.273106335289156
-2.3206368895719294
-2.35858646612248
-2.402298951314671
-2.4373173338496947
-2.471147542120875
-2.5102843399108683
-2.541763906344067
-2.5782718814769536
-2.6077053696053625
-2.636293966302676
-2.6695509269217195
-2.696440848771639
-2.7277782427828154
-2.753159385353233
-2.7779091129238176
-2.806818169908118
-2.830283259820328
-2.857729372387888
-2.880036111319028
-2.9018531491804445
-2.9274165741250684
-2.9482281192828825
-2.9726396099642676
-2.992533822877722
-3.0120371485446586
-3.0349462105987794
-3.053641145923213
-3.0756196752790066