6.078090317969864e-7
-0.2823564648225577
-0.5333337883450429
-0.7446346975769673
-0.9230985373812515
-1.076241818457498
-1.2098501477987944
-1.3281227893525176
-1.4341115987088078
-1.5300727811732986
-1.6177089662165927
-1.69833116247111
-1.7729676968593233
-1.8424387176507762
-1.9074080996740317
-1.9684203820550605
-2.0259275470137847
-2.0803086718468395
-2.1318847590677747
-2.1844689529571304
-2.2276801845047007
-2.269099464159564
-2.316636352940969
-2.354591355774574
-2.398310502535327
-2.433334537599807
-2.4671704733665942
-2.50631422119971
-2.5377996280829684
-2.574314662931766
-2.6037540659718914
-2.632348590489488
-2.6656126519028835
-2.6925084752577275
-2.7238529506707616
-2.74923999593496
-2.773995614365318
-2.8029116968669827
-2.826382602663219
-2.8538356471378368
-2.8761481032465044
-2.897970791868027
-2.923540908708274
-2.9443579653817125
-2.9687760094242877
-2.9886756327863484
-3.0081843066093463
-3.0310996830464934
-3.0497997866427196
-3.0717844087498434