6.875925780715694e-7
-0.2831629726990592
-0.5345140229505643
-0.7459809595599607
-0.9245237056800765
-1.0777073574198697
-1.2113374324331512
-1.329622022485989
-1.4356172297479488
-1.5315814596461679
-1.6192185598796522
-1.6998402480653751
-1.7744752879836456
-1.8439441053275454
-1.9089107594910844
-1.9699199152288136
-2.0274236476836416
-2.081801098649855
-2.133373322063162
-2.1859531963147933
-2.2291605916311603
-2.2705759521636395
-2.3181080504113734
-2.3560590040892553
-2.3997732407502297
-2.4347931527879103
-2.4686249461629526
-2.507763708064373
-2.539244955422352
-2.575755002271805
-2.6051902576262167
-2.63378064751642
-2.6670397705651423
-2.69393150297385
-2.7252711040866555
-2.750654120288768
-2.775405742607344
-2.8043170772535317
-2.8277840693650327
-2.855232472312549
-2.8775411087084093
-2.899360023578412
-2.9249256752643484
-2.945739065947654
-2.970152779394819
-2.990048852923435
-3.0095540321043033
-3.0324652897489774
-3.051162024839252
-3.0731426831204685