-0.377288
-0.377288
-0.377636
-0.378136
-0.378876
-0.379856
-0.381234
-0.383156
-0.385811
-0.389466
-0.394613
-0.401755
-0.411688
-0.425414
-0.444544
-0.470736
-0.507766
-0.55868
-0.630114
-0.731334
-0.86645
-1.05813
-1.32232
-1.69149
-2.20181
-2.90851
-3.88406
-5.23471
-7.08367
-9.7253
-13.012
-17.9128
-24.3115
-32.7567
-44.292
-59.514
-79.4759
-105.891
-140.212
-184.948
-240.784
-310.41
-395.477
-497.9
-614.649
-743.887
-883.739
-1027.69
-1161.1
-1273.21
-1355.19
-1406.84
-1438.22
-1468.96
-1502.18
-1500.17
-1410.19
-1272.15
-1196.41
-1111.78
-945.814
-859.842
-723.575
-627.825
-525.158
-435.412
-357.296
-290.966
-233.96
-186.385
-147.462
-116.14
-90.5881
-69.6066
-53.7416
-41.0644
-31.3848
-23.913
-18.0928
-13.6952
-10.3181
-7.78018
-5.81754
-4.36994
-3.26691
-2.41858
-1.80821
-1.35617
-1.01136
-0.748972
-0.556412
-0.410961
-0.305895
-0.225774
-0.166918
-0.123376
-0.091114
-0.067219
-0.0495397
-0.0362575
-0.0267134
-0.0267134
