-3.074121645604636
-3.0521422229998185
-3.0334465293545163
-3.0105365345071684
-2.9910324176947425
-2.971137414821795
-2.946724995894918
-2.925912691009795
-2.9003483494338025
-2.8785305313015517
-2.85622299520139
-2.8287759159002364
-2.8053100282833277
-2.776400018961914
-2.7516494997126566
-2.726267583974265
-2.6949292979296313
-2.6680386551335435
-2.634780829900308
-2.6061915116429994
-2.576757316895948
-2.5402485252366613
-2.5087683066257487
-2.46963075486326
-2.435799946377183
-2.400780994256491
-2.3570678712685775
-2.319117808709527
-2.2715867276255977
-2.2301721635464484
-2.1869655095722376
-2.1343864135327655
-2.0828148193697573
-2.0284378839095343
-1.9709345252839408
-1.9099255629687444
-1.8449588679872404
-1.7754896978284624
-1.7008538779433646
-1.620230806602514
-1.5325914414457689
-1.436623605956574
-1.330622659787071
-1.2123287568399763
-1.0786830037134616
-0.9254714950792424
-0.7468755728214942
-0.5352980325149979
-0.28369893230815973
6.768530523576724e-7
