-3.0743736971182622
-3.052397617119915
-3.0337047179644743
-3.010798092987748
-2.991296792676873
-2.9714045998559837
-2.9469955259846263
-2.926185988427863
-2.90062496451355
-2.8788099204730204
-2.856505168726976
-2.829061431772085
-2.805598313840058
-2.7766916137663045
-2.7519438422673095
-2.72656464838256
-2.6952295829816575
-2.6683415934851062
-2.635086942057588
-2.6065002618831845
-2.577068683496113
-2.540562991719437
-2.5090853218796965
-2.469950793896941
-2.436122473470576
-2.4011059770756864
-2.3573957558191045
-2.3194480695674304
-2.2719197936399738
-2.230507508995536
-2.1873030702884115
-2.1347264857241948
-2.0831571592876714
-2.0287824011499898
-1.9712811438622997
-1.9102741511978678
-1.845309306146864
-1.775841823055132
-1.701207480224182
-1.6205856201001734
-1.5329470936073462
-1.436979535551983
-1.3309780414680044
-1.2126822301837525
-1.0790321861536305
-0.9258118933582217
-0.7471979045019274
-0.5355813466123097
-0.28389315719165414
5.612882471212563e-7
