# h/Mpc
0
1.0e-5
1.18e-5
1.39e-5
1.64e-5
1.93e-5
2.28e-5
2.69e-5
3.17e-5
3.73e-5
4.4e-5
5.19e-5
6.12e-5
7.21e-5
8.5e-5
0.0001
0.000118
0.000139
0.000164
0.000194
0.000228
0.000269
0.000317
0.000374
0.000441
0.00052
0.000613
0.000723
0.000852
0.00101
0.00118
0.0014
0.00165
0.00194
0.00229
0.0027
0.00318
0.00375
0.00442
0.00522
0.00615
0.00725
0.00855
0.0101
0.0119
0.014
0.0165
0.0195
0.023
0.0271
0.0319
0.0376
0.0443
0.0523
0.0616
0.0727
0.0857
0.101
0.119
0.14
0.166
0.195
0.23
0.271
0.32
0.377
0.445
0.524
0.618
0.729
0.859
1.01
1.19
1.41
1.66
1.96
2.31
2.72
3.21
3.78
4.46
5.25
6.2
7.3
8.61
10.2
12.0
