-3.0744663132118024
-3.0524875755721315
-3.033792453228611
-3.010883151958577
-2.991379615784198
-2.9714851834073035
-2.9470734190267733
-2.9262616382189184
-2.900697922666144
-2.87888063708242
-2.8565736463287745
-2.8291272276004324
-2.8056618809735494
-2.7767525159684756
-2.752002532999668
-2.726621137606837
-2.69528344593277
-2.6683932832024286
-2.6351360447910124
-2.6065472274410992
-2.5771135304101565
-2.5406053232433994
-2.5091255821514205
-2.4699886012614405
-2.43615826590399
-2.401139783158387
-2.357427218518132
-2.319477615450145
-2.2719470853250403
-2.2305329618163783
-2.187326723634387
-2.1347481059018243
-2.083176939266804
-2.0288003969675046
-1.9712974142807815
-1.9102887573153333
-1.845322313058927
-1.7758532985555475
-1.7012174957939072
-1.6205942539292983
-1.5329544250928113
-1.4369856454066998
-1.3309830180452942
-1.2126861696769917
-1.0790351811378625
-0.9258140499055078
-0.7471993343981543
-0.5355821563069041
-0.2838934791431403
5.692712668502691e-7
