-0.378753
-0.378753
-0.379136
-0.379663
-0.380403
-0.381402
-0.382828
-0.384806
-0.387521
-0.391266
-0.396554
-0.40389
-0.414077
-0.428158
-0.4478
-0.474684
-0.512681
-0.564914
-0.638181
-0.741966
-0.880443
-1.07677
-1.34713
-1.72445
-2.2452
-2.96472
-3.95495
-5.32035
-7.17945
-9.81677
-13.07
-17.8705
-24.0639
-32.141
-43.0541
-57.329
-75.9115
-100.278
-131.5
-171.457
-220.344
-280.036
-351.263
-434.76
-527.121
-625.966
-728.777
-829.507
-916.887
-983.256
-1023.31
-1038.39
-1037.78
-1036.21
-1036.67
-1013.13
-932.801
-824.965
-761.343
-694.976
-580.909
-519.83
-430.764
-368.343
-303.796
-248.565
-201.4
-162.109
-128.947
-101.728
-79.7954
-62.3838
-48.3465
-36.9391
-28.3902
-21.6096
-16.4631
-12.5105
-9.44494
-7.1364
-5.36843
-4.04308
-3.02007
-2.26678
-1.69332
-1.25289
-0.936261
-0.701928
-0.523294
-0.387421
-0.287749
-0.212485
-0.158136
-0.116697
-0.0862683
-0.0637588
-0.0470838
-0.034733
-0.0255953
-0.0187324
-0.0138006
-0.0138006
