-0.375087
-0.375087
-0.37545
-0.37595
-0.376654
-0.377609
-0.378967
-0.380849
-0.383445
-0.387012
-0.392038
-0.399023
-0.408726
-0.42214
-0.440851
-0.466458
-0.502661
-0.552448
-0.622309
-0.721318
-0.853518
-1.04114
-1.29986
-1.66165
-2.16227
-2.85648
-3.81658
-5.1492
-6.97964
-9.60672
-12.8939
-17.8307
-24.3334
-32.9992
-44.956
-60.8859
-81.947
-110.025
-146.835
-195.437
-257.103
-335.42
-433.042
-553.3
-693.995
-854.415
-1034.12
-1227.11
-1415.98
-1587.15
-1727.96
-1836.21
-1922.15
-2011.2
-2106.2
-2154.26
-2072.84
-1912.72
-1838.5
-1744.59
-1515.37
-1403.63
-1202.86
-1061.75
-902.834
-760.237
-633.261
-523.005
-426.234
-343.857
-275.197
-218.982
-172.391
-133.575
-103.842
-79.8184
-61.3091
-46.9076
-35.6136
-27.0343
-20.4172
-15.425
-11.5525
-8.68964
-6.50341
-4.81907
-3.60548
-2.70597
-2.01893
-1.49576
-1.11168
-0.821344
-0.611458
-0.451402
-0.333806
-0.24675
-0.182254
-0.13448
-0.0991157
-0.0725472
-0.0534568
-0.0534568
